1 0.013119284238998
2 0.013104908097319855
3 0.013246776568651425
4 0.01331975556226224
5 0.013544834291840013
6 0.013579965581323695
7 0.013649196128567609
8 0.01374647327172689
9 0.013975188952590934
10 0.014023388165266066
11 0.01411145209441935
12 0.014166002319159425
13 0.014267822494005038
14 0.014317456966602918
15 0.014375795797514345
16 0.014460255564657201
17 0.015472993299052266
18 0.01550793318234943
19 0.01556943392366926
20 0.015609549630082145
21 0.015693030599046535
22 0.015728927208874133
23 0.015769352513184294
24 0.015867383652852327
25 0.016052116975711343
26 0.01614691842656303
27 0.01623475571121693
28 0.016313470952246223
29 0.01638403643510902
30 0.01646235880008951
31 0.016576119317684556
32 0.016632583785145098
33 0.01613105752469239
34 0.0161673754577675
35 0.01626838170006899
36 0.016356093333366236
37 0.016393119862065958
38 0.01645846383600778
39 0.016512607461851424
40 0.016586196888997966
41 0.018708752338558173
42 0.018774775471084436
43 0.01884274440335038
44 0.018874590508604575
45 0.018942501935637956
46 0.019022183411816725
47 0.01907310228901128
48 0.01913326152507101
49 0.019397211243179457
50 0.019409239696139818
51 0.01947207579469667
52 0.019509601224406748
53 0.019563676307392915
54 0.019603766314035563
55 0.019695092147153894
56 0.019764236285986215
57 0.019795586400624357
58 0.019834314631632762
59 0.019878419613425482
60 0.01993458066240003
61 0.020003696456532043
62 0.020055771009494957
63 0.020122445468787716
64 0.02016411562754068
65 0.021152197142225992
66 0.021252097305109914
67 0.021315913778752662
68 0.021387946003785473
69 0.021432853274559304
70 0.021484031129601427
71 0.02154464776727504
72 0.021576700670688245
73 0.02169583916386046
74 0.021745921073237567
75 0.021793153783193648
76 0.02181989122191055
77 0.021880498383188642
78 0.021937889261026886
79 0.022000144597551886
80 0.022047710401675524
81 0.022238805825245855
82 0.022342768551606187
83 0.02242277648697164
84 0.022473865683841385
85 0.022525176885510624
86 0.022587126609996157
87 0.022621331299147764
88 0.02268310264764979
89 0.022834224394812523
90 0.02287930038385344
91 0.022920192831287385
92 0.022968982187158052
93 0.023043674405825023
94 0.023090457016303814
95 0.023135776241178754
96 0.023177227195493515
97 0.023333940407253548
98 0.023400856823725235
99 0.02345817219647784
100 0.023506692654064743
101 0.023538699568420574
102 0.023573725834158996
103 0.023631865198542757
104 0.023612047857812204
105 0.024000987348649756
106 0.024073148306066113
107 0.024120337141948014
108 0.024156165598115262
109 0.02427322203706798
110 0.024334167594850332
111 0.024406808720291034
112 0.024455330650533406
113 0.024632046866357844
114 0.024702937903492737
115 0.024731942386912568
116 0.024775155377003737
117 0.024867690036662324
118 0.024887097380392662
119 0.024965155015817298
120 0.025010801640307348
121 0.025157777590108028
122 0.025188073380551453
123 0.02522846130758837
124 0.025313244352790545
125 0.025376228876278335
126 0.025444171682258255
127 0.02552098639517699
128 0.025614939830014047
129 0.029596163290667082
130 0.02964427998996095
131 0.029714136646797226
132 0.029778450851481907
133 0.029822204144714953
134 0.029889345350129815
135 0.02995036972010423
136 0.030023152435161054
137 0.030139543912319662
138 0.030209122620393932
139 0.030244679278050243
140 0.030291311037877564
141 0.03035051077529636
142 0.030382450332370955
143 0.03046860324728766
144 0.030553650249638097
145 0.030640221003624693
146 0.030663367519762383
147 0.030741181607857784
148 0.030755657992856875
149 0.03084802199524619
150 0.030895963905867307
151 0.030974378276920247
152 0.031039417398631815
153 0.031160194693491225
154 0.031194392558067267
155 0.03124865523356144
156 0.03127565067016301
157 0.031308018581502506
158 0.03146804398298236
159 0.031545484718456585
160 0.031579168957631944
161 0.032025342274410576
162 0.032105926933136006
163 0.03219570024715277
164 0.032204278418339026
165 0.032294784637844444
166 0.03232694889277648
167 0.03241005464279976
168 0.03246605706622304
169 0.03259515944620894
170 0.032617769461407285
171 0.03268341040143856
172 0.03277936309700038
173 0.03280618582798255
174 0.03287071329467971
175 0.03291779809959719
176 0.03300356464841429
177 0.033153264179676865
178 0.03323113695221074
179 0.033266384545972846
180 0.03335443588445163
181 0.03333892048314463
182 0.03343012862959952
183 0.03345358864026182
184 0.0334788511214942
185 0.03414112772970705
186 0.03419807471307675
187 0.034211629404566166
188 0.03428438383505132
189 0.03434052563537333
190 0.03433728627007953
191 0.034412465412947416
192 0.034428083017675526
193 0.03457173139416646
194 0.0346661620827117
195 0.03471047282717493
196 0.03472482453509998
197 0.03474015064034987
198 0.034782116494021215
199 0.03481576977074546
200 0.03487327667011546
201 0.03503072518286193
202 0.035040080793895825
203 0.035076358260017586
204 0.03510577672102056
205 0.03515515018979646
206 0.03525734401859385
207 0.035291702811610016
208 0.03533198073064172
209 0.03547005683887424
210 0.03552524478747814
211 0.035569170179597286
212 0.035637090514209345
213 0.03574399982079302
214 0.03578072181496074
215 0.03581300691804806
216 0.03586966702470317
217 0.03654662432097765
218 0.03662288094421703
219 0.036652049045893066
220 0.036703715354021144
221 0.036750895362354916
222 0.03683863185399697
223 0.03692801514925142
224 0.03701170001155648
225 0.03716505316148522
226 0.037200257203890204
227 0.03728551429061457
228 0.037330681203040526
229 0.03740053115374603
230 0.037486172947194224
231 0.0375379525983356
232 0.03764587104683175
233 0.03780640260525722
234 0.0378376073176972
235 0.03792611298321334
236 0.037921157938654804
237 0.03798010713300095
238 0.0380772861073744
239 0.03814604476361317
240 0.038127261032820846
241 0.03837231003334
242 0.03841304995167525
243 0.038504239426465574
244 0.03859527715065983
245 0.03887211931741751
246 0.039273557529806956
247 0.03981698949549386
248 0.04033606835339122
249 0.041042556740139555
250 0.04134172972665208
