100 0.025993849812324957
200 0.027411971057379952
300 0.031930693821837164
400 0.0398879581814034
500 0.05012894263126694
600 0.052205022737489
700 0.05795730096108325
800 0.07000882634264648
900 0.07456251500756776
1000 0.0810806604401088
1100 0.08952398611189163
1200 0.09303558261041979
1300 0.1017221027330871
1400 0.10704944203420722
1500 0.11306176167507449
1600 0.128466474775578
1700 0.13317266747610398
1800 0.13713990744382704
1900 0.14097876085151387
2000 0.15087433606522213
2100 0.15692741177581307
2200 0.16434439189554093
2300 0.16818919584412387
2400 0.17250630573030223
2500 0.18702596610625946
2600 0.19287369513016514
2700 0.20423950336014968
2800 0.20910968922416215
2900 0.21228775631151212
3000 0.21784306700793085
3100 0.22297946896166346
3200 0.22888031683332882
3300 0.24805431983327253
3400 0.25591179899997357
3500 0.26010471937078866
3600 0.26465566735748086
3700 0.26967073244695516
3800 0.2750695702358284
3900 0.28453176921944406
4000 0.2957739560213745
4100 0.30228220723163357
4200 0.310477936084154
4300 0.31230149049421446
4400 0.3229207249286923
4500 0.32635177781832986
4600 0.3317700339057164
4700 0.33709350205920013
4800 0.3390143827949102
4900 0.36258562936697525
5000 0.3653583652933594
5100 0.37195623611416
5200 0.37618260628564065
5300 0.3784689795607935
5400 0.38972197454053015
5500 0.3922105544388295
5600 0.40188811531859553
5700 0.4107413927630133
5800 0.41896377163632703
5900 0.42846187712814593
6000 0.4301693326304845
6100 0.4388851485347349
6200 0.441988689123128
6300 0.44741889154185327
6400 0.4532428401668188
6500 0.45641324830634106
6600 0.4770464782632827
6700 0.4823984654057789
6800 0.4900309709459014
6900 0.49379828646232016
7000 0.4974093382556253
7100 0.5076136496593542
7200 0.510416996999993
7300 0.5260112853596365
7400 0.5327180732949595
7500 0.5378548992004653
7600 0.5446446674684418
7700 0.5479172649725764
7800 0.5559480432876416
7900 0.5604752596309086
8000 0.5707104912962677
8100 0.5791375449525298
8200 0.586263343320752
8300 0.5953456722041168
8400 0.5980156149341685
8500 0.6046258720733287
8600 0.6081743050998739
8700 0.613245745366063
8800 0.6233292628526482
8900 0.6260332584318927
9000 0.6427605369355389
9100 0.6490152810520391
9200 0.6543178281717701
9300 0.6608492386657114
9400 0.6624930462568068
9500 0.6717076358806177
9600 0.6752860416996554
9700 0.6853269083119358
9800 0.6962379565954636
9900 0.7043694732506083
10000 0.715108014705573
10100 0.7156919095675246
10200 0.7255705470285777
10300 0.7303021430573219
10400 0.7348812197062002
10500 0.7440183920010056
10600 0.7538183715099721
10700 0.7628873483124607
10800 0.7684375724001439
10900 0.7742768549728065
11000 0.7835883459192701
11100 0.7831425327500862
11200 0.7914641795445774
11300 0.7963059346414715
11400 0.8105358121430202
11500 0.8199475382429522
11600 0.8229481100870939
11700 0.8328291740377048
11800 0.8351483905163121
11900 0.8429668291473182
12000 0.8490685362400836
12100 0.85576386752933
12200 0.8646317327894442
12300 0.8741584309615203
12400 0.8849638054561053
12500 0.8877299340764204
12600 0.8929519636668071
12700 0.9006584166654648
12800 0.903500819838664
12900 0.9119899398399867
13000 0.9163074887989205
13100 0.932834768758892
13200 0.9408185219996085
13300 0.9449332470489026
13400 0.954557266545056
13500 0.9529084802998113
13600 0.9652352952576738
13700 0.9692693462081176
13800 0.9800522484228378
13900 0.9899355626188308
14000 0.9948918920497818
14100 1.0065260566064222
14200 1.007875981950201
14300 1.0117998903184675
14400 1.0183825219561264
14500 1.0227623151674077
14600 1.0325736476661405
14700 1.048091302667412
14800 1.0531577999049442
14900 1.0580566973758323
15000 1.061091434624662
15100 1.0685180126367249
15200 1.0727403813162757
15300 1.0838282734397218
15400 1.084586942390635
15500 1.097043734843043
15600 1.1109342535720705
15700 1.1132843616007448
15800 1.1213666923597339
15900 1.124202038999283
16000 1.129758711350587
16100 1.1349221912373433
16200 1.1436779120003022
16300 1.1559717938887641
16400 1.1639393411112704
16500 1.1699160653883558
16600 1.174738126950615
16700 1.1815132407621907
16800 1.1910830338888951
16900 1.193490226334082
17000 1.2036935748416766
17100 1.21374016036785
17200 1.2191461428561265
17300 1.228518032631607
17400 1.2296406884725959
17500 1.2364757539550986
17600 1.243045851389373
17700 1.2513423303324898
17800 1.254200463111273
17900 1.2645345286878182
18000 1.2741049429475282
18100 1.2839667756652489
18200 1.2899790341578314
18300 1.2938173335725358
18400 1.2973845297856315
18500 1.3095704688336507
18600 1.310725290736101
18700 1.3203848383579628
18800 1.3273559762635974
18900 1.3395932093335432
19000 1.3472825053332296
19100 1.3497198592784925
19200 1.3571697274351406
19300 1.3609527337642195
19400 1.3635391280006912
19500 1.3738222222627403
19600 1.3811952782507433
19700 1.3900652912023361
19800 1.4006425824294897
19900 1.410268546055805
20000 1.4093899850720066
20100 1.4160490817364342
20200 1.424796750199069
20300 1.429438636469593
20400 1.442836610786409
20500 1.4534734501654991
20600 1.4560306914368084
20700 1.4603756338334886
20800 1.463550865250454
20900 1.4706026368892506
21000 1.4774559024123899
21100 1.4890124009995673
21200 1.4981448751250355
21300 1.5010442167845863
21400 1.5123320949288817
21500 1.5223257424540035
21600 1.5217712708758881
21700 1.527433637770278
21800 1.5367260927478128
21900 1.5427506522519252
22000 1.5544873483621897
22100 1.563592843616229
22200 1.567968772468157
22300 1.5734451885339997
22400 1.580343396427322
22500 1.588697940998827
22600 1.589684166070843
22700 1.5985923970009026
22800 1.6030585843346974
22900 1.6195084864292377
23000 1.6210390201667906
23100 1.6308118772668725
23200 1.637694717902923
23300 1.644871419714556
23400 1.6504625860629858
23500 1.655332606452496
23600 1.6671663488528534
23700 1.6735819066991098
23800 1.6833439823306737
23900 1.6833623292676445
24000 1.6949693927142238
24100 1.7032085000724433
24200 1.6999777679997754
24300 1.7088712248577005
24400 1.707606211500076
24500 1.7233308340587161
24600 1.7362235810025595
24700 1.7362858105460128
24800 1.7449406479995972
24900 1.7537850354427873
